43390
17411
18692
54785
25915
46415
53098
63237
40755
41254
7751
10669
56984
34439
7098
64634
31935
38657
64539
63158
48011
35341
40363
49936
19081
64477
35342
565
52556
57807
11730
30093
6094
27550
22605
31153
6516
61383
23135
30626
25282
59356
36991
59873
62918
11969
61132
20717
39663
37684
23650
24638
19707
54540
39089
21357
54199
32619
51645
43302
18476
64969
8159
2363
49731
16884
39520
21147
45505
21900
33580
20408
36685
1759
48710
22998
26602
20350
20128
59532
55946
9811
11561
12346
7696
47166
43756
13078
35490
54558
29698
4702
32204
5141
63819
45878
43515
25836
37455
33333
28991
38490
19015
1159
40395
44337
45594
5025
492
43025
41218
56188
31276
41457
56602
41175
49255
58382
49130
49139
4906
53710
4207
27260
6772
10049
12042
16165
45071
33053
63424
40276
24177
54258
18275
27927
62293
23532
10196
13804
27692
44793
20972
45038
40713
17704
59352
16544
15472
52818
13356
63941
23184
40287
30710
727
31213
59540
47000
51176
33807
30659
19189
45162
24408
62758
13339
30872
25825
39023
55284
61051
61396
30007
18803
51896
54761
49937
32901
35647
26627
60894
24144
42244
32174
54648
34486
32894
30554
5085
53086
38072
22393
26030
13780
36042
27278
59885
5017
52679
8186
8083
12266
28073
61750
39581
40622
55551
39201
59953
18767
2880
37379
10003
62779
34503
21551
61747
31428
46139
12821
7236
14877
12109
54838
2870
14837
57066
19808
24694
30532
49997
30846
39389
63330
49901
40743
54049
1957
45781
23437
60654
38906
34005
750
59764
54079
14755
8399
26062
32755
39827
18307
43554
33114
13050
58387
5420
11176
36262
34538
27452
24680
12577
6994
20658
25225
8797
22359
32047
34356
14044
39048
51968
51047
43412
53889
32307
38475
7052
59024
3165
59552
2762
500
27083
44999
21719
40763
50892
64002
57984
47147
38930
16096
39661
9762
25731
4446
4909
16298
51450
53754
40676
26858
23525
5664
54586
37450
1995
40209
54457
58099
18557
37757
32740
64633
43879
2475
9435
10159
33968
17384
64226
10536
63546
36032
13165
42007
1030
31734
1841
38038
61650
65348
52631
7423
31310
37348
21361
19782
45707
57650
63364
44343
28680
65110
40618
48066
21440
16975
2052
43971
49345
14867
611
58110
39285
34559
14548
61331
9315
19403
56162
11386
625
58097
5390
23425
53401
36909
44684
23674
38443
11879
14671
31377
62401
34274
54694
48115
40469
44646
60277
14745
50984
20001
46597
57087
61463
33571
10793
30953
14952
8704
49504
45047
47438
45923
63104
17813
50745
13245
34636
37005
51293
13994
50274
1890
51470
21127
44073
29571
12011
62328
12443
54677
60483
11930
45178
51918
45591
25063
21935
29211
29883
19122
4591
1868
59890
26210
23256
8129
3632
32551
30116
12385
8288
867
8912
42359
38051
29224
14670
51984
63458
46157
21069
21981
39829
36861
65380
57717
41759
40679
16450
57230
63244
56637
34944
31923
65095
19470
50272
65511
22143
29783
29304
19633
11155
17295
16985
61247
5686
40684
17402
35392
27780
47699
49902
33488
51128
17097
33176
22914
53669
32077
26045
36298
38470
51590
26539
5042
747
26306
63838
66
39062
49441
19039
59558
54018
63211
4427
40967
21813
13068
35804
14742
34839
7181
33681
64642
15182
5766
36450
59424
50420
53621
53850
27695
38339
21064
1721
38271
50563
1
42938
30558
35527
30917
39271
30578
12799
63008
13411
4404
3697
51606
47989
63823
9329
57466
62489
25908
19190
2514
26050
55602
7237
59293
5393
52404
58747
29789
18465
53844
33803
64095
33179
46351
45753
23167
53204
12014
7598
55273
21936
56443
58072
3137
33556
52536
8650
40831
23643
20687
26684
18279
59825
15466
7887
1929
2818
2205
24890
47879
30987
38857
44328
24686
21260
50288
39130
9483
49127
44846
56732
45888
35959
8989
50974
11821
23772
56718
57228
40786
44610
31069
5514
28711
8294
42856
48344
5427
974
2613
37070
312
6613
56371
12671
45220
37024
45787
40142
30516
13466
32545
38220
16008
24082
64032
13432
37811
31170
11472
34341
61157
238
47238
47902
45607
65426
3278
33221
52850
48896
15243
26940
40931
3982
40696
58877
26184
57102
56290
60133
48476
4454
56870
57037
52149
55250
31626
39495
10031
22419
17059
41437
64845
17625
17924
56565
11448
166
10334
63282
9634
49770
23082
36590
35134
48769
65004
30517
16216
5082
47690
4746
44035
31492
27305
5707
41337
16869
64664
37070
56005
32757
19362
36513
11823
45303
47910
12742
8560
65043
21
63744
14674
35211
45012
39148
53520
36270
65451
28073
49016
12018
48645
48569
51032
35120
7612
54941
12650
60210
59647
19682
55091
61543
11839
13532
60199
26841
23361
6892
29236
55694
64065
31333
26860
3566
12346
54535
8699
21332
37619
49950
28634
52562
42795
2411
30653
360
7088
9952
43823
36416
49948
54431
55185
43846
5274
38725
45621
56271
8494
64860
60487
27472
2206
15362
1632
10382
64440
3342
40903
10862
17148
35057
23591
38053
58871
65294
11090
39600
55729
55552
27817
53014
51512
29972
12837
61899
60252
45490
41255
23815
4549
64407
57419
14938
26734
62198
9418
19509
50958
52481
46759
12597
8405
8039
19560
6120
32700
44785
1154
19028
6241
39246
53023
21020
49081
63739
3623
42769
21903
10475
65022
29879
21334
37018
34644
32181
30614
24809
1060
6371
43035
43584
22409
45222
25021
32254
15349
46348
63716
27580
38281
6573
13164
12049
53604
60417
24676
8298
18060
23574
38268
19321
15456
27187
35363
35795
46314
59060
7860
56614
39399
18475
51093
3008
8540
11519
12923
3264
36186
60312
50151
42719
10498
1242
17961
28186
7940
27286
61073
55681
31184
33979
60032
58236
65530
34587
63960
60945
22044
46137
20540
52903
46779
29337
30662
62267
63326
57158
16315
36502
31553
44105
46406
60931
5998
25230
42288
22867
62574
30392
28777
47649
50882
21961
58347
22906
39920
37749
60425
10099
15744
36596
7313
38700
18719
11792
12356
18277
33888
6086
29540
40088
18017
8632
64643
35198
43453
21703
11510
63061
24603
3883
3356
15002
46668
52206
10455
43058
36677
2771
56232
13923
48196
44710
56096
28489
15636
1328
61097
7960
11029
2452
26361
12897
41058
29176
8737
15301
2270
49817
58725
20980
24764
7297
4128
12640
53820
23495
13568
41326
32321
35442
58755
10108
34871
51297
59512
45946
30917
51126
